lastlocation:
  world: world
  x: -176.0
  y: 66.0
  z: 144.0
  yaw: 0.0
  pitch: 0.0
lastAccountName: test_Player3
timestamps:
  login: 1547842806579
  logout: 1547843246489
ipAddress: 109.149.94.200
logoutlocation:
  world: world
  x: -7.373176578645523
  y: 73.0
  z: -100.79811334568855
  yaw: -38.602737
  pitch: 6.1499925
money: '500.0'
