lastAccountName: test
timestamps:
  login: 1614110946608
  logout: 1614112308983
ipAddress: 73.226.156.45
lastlocation:
  world: world
  x: -79.38443970753558
  y: 70.0
  z: 113.69999998807907
  yaw: -60.82373
  pitch: 36.98148
