lastlocation:
  world: world
  x: -10.034430392032622
  y: 232.0
  z: 0.2887247186156875
  yaw: 89.85295
  pitch: 9.576371
lastAccountName: testing_Player1
timestamps:
  login: 1569186772379
  logout: 1569186928215
  lastteleport: 1569186813816
ipAddress: 152.117.228.9
logoutlocation:
  world: world
  x: -250.86926642522468
  y: 68.0
  z: -53.743304882531845
  yaw: 115.94383
  pitch: 3.29998
