lastlocation:
  world: world
  x: 4.5092296151329645
  y: 80.0
  z: 2.55371340049596
  yaw: 270.79034
  pitch: 33.836914
lastAccountName: Testing_player2
timestamps:
  login: 1572860596397
  lastteleport: 1572860712442
  logout: 1572860860154
ipAddress: 78.70.8.89
logoutlocation:
  world: world
  x: -35.29503310106445
  y: 73.5
  z: -75.50419747993251
  yaw: 162.23985
  pitch: 22.252794
